#BAV Report
2460806.3599 12.6930 0.0060
2460806.3613 12.6790 0.0060
2460806.3628 12.6690 0.0050
2460806.3643 12.6560 0.0050
2460806.3657 12.6640 0.0050
2460806.3672 12.6760 0.0050
2460806.3687 12.6680 0.0050
2460806.3701 12.6710 0.0040
2460806.3716 12.6420 0.0040
2460806.3731 12.6720 0.0040
2460806.3745 12.6620 0.0040
2460806.3760 12.6670 0.0040
2460806.3795 12.7000 0.0060
2460806.3809 12.6950 0.0050
2460806.3824 12.6530 0.0050
2460806.3838 12.6580 0.0040
2460806.3853 12.6780 0.0050
2460806.3868 12.6740 0.0050
2460806.3883 12.6700 0.0050
2460806.3897 12.6800 0.0050
2460806.3912 12.6540 0.0050
2460806.3927 12.6510 0.0040
2460806.3941 12.6720 0.0050
2460806.3956 12.6590 0.0050
2460806.3971 12.6730 0.0050
2460806.3985 12.6580 0.0050
2460806.4020 12.6780 0.0040
2460806.4034 12.6790 0.0050
2460806.4049 12.6710 0.0050
2460806.4063 12.6710 0.0040
2460806.4078 12.6900 0.0040
2460806.4093 12.6920 0.0050
2460806.4108 12.6860 0.0050
2460806.4122 12.6670 0.0050
2460806.4137 12.6810 0.0050
2460806.4171 12.6660 0.0040
2460806.4186 12.7080 0.0050
2460806.4201 12.6840 0.0050
2460806.4215 12.7030 0.0050
2460806.4230 12.6980 0.0050
2460806.4245 12.6840 0.0050
2460806.4260 12.6890 0.0050
2460806.4274 12.6880 0.0050
2460806.4289 12.6850 0.0040
2460806.4304 12.6850 0.0040
2460806.4318 12.6730 0.0040
2460806.4333 12.6620 0.0040
2460806.4367 12.6810 0.0050
2460806.4382 12.6730 0.0050
2460806.4397 12.6770 0.0050
2460806.4411 12.6810 0.0050
2460806.4426 12.6650 0.0050
2460806.4441 12.7020 0.0050
2460806.4455 12.6700 0.0040
2460806.4470 12.6810 0.0040
2460806.4485 12.6650 0.0040
2460806.4499 12.6880 0.0050
2460806.4514 12.6850 0.0050
2460806.4529 12.6770 0.0040
2460806.4543 12.6900 0.0050
2460806.4558 12.6840 0.0050
2460806.4592 12.6910 0.0050
2460806.4607 12.6920 0.0050
2460806.4622 12.6850 0.0050
2460806.4636 12.6770 0.0040
2460806.4651 12.6790 0.0050
2460806.4666 12.6790 0.0050
2460806.4687 12.6910 0.0050
2460806.4702 12.6780 0.0040
2460806.4717 12.6740 0.0050
2460806.4751 12.6820 0.0050
2460806.4765 12.6920 0.0050
2460806.4780 12.6910 0.0050
2460806.4795 12.6810 0.0050
2460806.4810 12.6830 0.0050
2460806.4824 12.6830 0.0050
2460806.4839 12.6750 0.0040
2460806.4854 12.6920 0.0050
2460806.4868 12.6790 0.0050
2460806.4903 12.6870 0.0050
2460806.4917 12.6730 0.0050
2460806.4932 12.6650 0.0050
2460806.4947 12.7040 0.0050
2460806.4961 12.6860 0.0050
2460806.4976 12.6660 0.0040
2460806.4991 12.6780 0.0040
2460806.5005 12.6830 0.0050
2460806.5020 12.6740 0.0050
2460806.5035 12.6850 0.0040
2460806.5049 12.6810 0.0040
2460806.5064 12.6860 0.0050
2460806.5079 12.6960 0.0040
2460806.5113 12.6950 0.0050
2460806.5128 12.7130 0.0040
2460806.5142 12.7070 0.0040
2460806.5157 12.7040 0.0040
2460806.5172 12.6900 0.0050
2460806.5186 12.6930 0.0040
2460806.5201 12.7160 0.0040
2460806.5216 12.7040 0.0050
2460806.5230 12.7130 0.0050
2460806.5245 12.6880 0.0050
2460806.5260 12.7020 0.0050
2460806.5274 12.7040 0.0040
2460806.5289 12.7010 0.0050
2460806.5304 12.6970 0.0050
2460806.5318 12.7110 0.0050
2460806.5333 12.7040 0.0040
2460806.5348 12.7020 0.0050
2460806.5362 12.7200 0.0050
2460806.5397 12.7060 0.0050
2460806.5411 12.7080 0.0050
2460806.5426 12.7020 0.0050
2460806.5441 12.7050 0.0050
2460806.5455 12.7120 0.0050
2460806.5470 12.7110 0.0050
2460806.5485 12.7180 0.0050
2460806.5499 12.7080 0.0050
2460806.5514 12.7020 0.0040
2460806.5529 12.6970 0.0050
2460806.5544 12.7010 0.0040
2460806.5558 12.7110 0.0050
2460806.5593 12.7120 0.0050
2460806.5608 12.7020 0.0040
2460806.5622 12.7030 0.0050
2460806.5637 12.7010 0.0050
2460806.5652 12.7000 0.0040
2460806.5667 12.7060 0.0050
2460806.5681 12.7100 0.0050
2460806.5696 12.7100 0.0040
2460806.5710 12.6980 0.0050
2460806.5725 12.7240 0.0050
2460806.5740 12.7140 0.0050
2460806.5754 12.7170 0.0050
2460806.5769 12.6980 0.0040
2460806.5804 12.6890 0.0040
2460806.5818 12.6950 0.0050
2460806.5833 12.6970 0.0040
2460806.5847 12.6820 0.0050
2460806.5862 12.6970 0.0050
2460806.5877 12.6870 0.0040
2460806.5892 12.6980 0.0050
2460806.5906 12.6690 0.0040
2460806.5921 12.6850 0.0050
2460806.5936 12.6780 0.0050
2460806.5950 12.6860 0.0040
2460806.5965 12.6950 0.0050
2460806.5980 12.6840 0.0050
2460806.5994 12.6900 0.0050
2460806.6009 12.6730 0.0060
2460806.6024 12.6690 0.0050
