#BAV Report
2460794.3496 14.4150 0.0310
2460794.3532 14.2780 0.0380
2460794.3547 14.2240 0.0280
2460794.3561 14.0890 0.0130
2460794.3576 13.9710 0.0090
2460794.3591 13.8850 0.0080
2460794.3606 13.9880 0.0130
2460794.3641 14.2210 0.0170
2460794.3655 14.2320 0.0180
2460794.3670 14.2610 0.0230
2460794.3685 14.3170 0.0210
2460794.3700 14.3280 0.0210
2460794.3714 14.3040 0.0190
2460794.3729 14.3900 0.0180
2460794.3744 14.4090 0.0220
2460794.3758 14.4360 0.0210
2460794.3773 14.5190 0.0230
2460794.3788 14.5010 0.0220
2460794.3821 14.5540 0.0210
2460794.3836 14.5660 0.0250
2460794.3851 14.5110 0.0210
2460794.3865 14.6320 0.0250
2460794.3880 14.6350 0.0250
2460794.3895 14.6660 0.0320
2460794.3909 14.6750 0.0320
2460794.3924 14.6620 0.0330
2460794.3939 14.7140 0.0350
2460794.3973 14.7060 0.0290
2460794.3988 14.6670 0.0300
2460794.4002 14.6870 0.0310
2460794.4017 14.6640 0.0460
2460794.4032 14.7160 0.0310
2460794.4046 14.6620 0.0260
2460794.4061 14.6970 0.0250
2460794.4076 14.7150 0.0260
2460794.4090 14.6140 0.0270
2460794.4105 14.7310 0.0290
2460794.4119 14.6310 0.0280
2460794.4134 14.6210 0.0210
2460794.4167 14.5180 0.0210
2460794.4182 14.4160 0.0210
2460794.4197 14.3280 0.0190
2460794.4211 14.1660 0.0180
2460794.4226 14.1650 0.0150
2460794.4241 14.1570 0.0140
2460794.4255 14.1430 0.0150
2460794.4270 14.1790 0.0150
2460794.4285 14.2280 0.0150
2460794.4299 14.2440 0.0170
2460794.4314 14.2600 0.0150
2460794.4329 14.2920 0.0160
2460794.4343 14.4040 0.0200
2460794.4358 14.3710 0.0200
2460794.4373 14.4680 0.0210
2460794.4387 14.4460 0.0210
2460794.4402 14.5010 0.0210
2460794.4417 14.5150 0.0220
2460794.4438 14.5380 0.0210
2460794.4472 14.5920 0.0220
2460794.4487 14.5630 0.0210
2460794.4501 14.6170 0.0210
2460794.4516 14.6410 0.0230
2460794.4531 14.6130 0.0220
2460794.4545 14.7450 0.0260
2460794.4560 14.6320 0.0230
2460794.4575 14.7110 0.0260
2460794.4589 14.6770 0.0230
2460794.4604 14.7080 0.0210
2460794.4619 14.6980 0.0260
2460794.4633 14.6700 0.0220
2460794.4648 14.6830 0.0220
2460794.4663 14.7430 0.0220
2460794.4677 14.6610 0.0200
2460794.4692 14.7100 0.0210
2460794.4707 14.7520 0.0240
2460794.4741 14.6260 0.0220
2460794.4755 14.6180 0.0220
2460794.4770 14.6040 0.0210
2460794.4785 14.6050 0.0210
2460794.4799 14.5620 0.0210
2460794.4814 14.4550 0.0190
2460794.4829 14.3380 0.0170
2460794.4843 14.2540 0.0160
2460794.4858 14.1990 0.0160
2460794.4873 14.1920 0.0160
2460794.4887 14.1660 0.0170
2460794.4902 14.2350 0.0160
2460794.4917 14.2250 0.0150
2460794.4931 14.2190 0.0160
2460794.4946 14.2600 0.0170
2460794.4980 14.3450 0.0150
2460794.4995 14.3960 0.0180
2460794.5009 14.4390 0.0210
2460794.5024 14.5140 0.0220
2460794.5039 14.4810 0.0220
2460794.5053 14.5750 0.0210
2460794.5068 14.5500 0.0200
2460794.5083 14.5980 0.0220
2460794.5097 14.5480 0.0210
2460794.5112 14.6710 0.0250
2460794.5127 14.6430 0.0240
2460794.5141 14.6420 0.0240
2460794.5156 14.6330 0.0230
2460794.5190 14.6480 0.0200
2460794.5205 14.6440 0.0220
2460794.5219 14.6730 0.0260
2460794.5234 14.6070 0.0240
2460794.5249 14.7180 0.0260
2460794.5263 14.6920 0.0270
2460794.5278 14.6710 0.0240
2460794.5292 14.6520 0.0270
2460794.5307 14.7570 0.0270
2460794.5322 14.7150 0.0250
2460794.5336 14.7110 0.0260
2460794.5351 14.6800 0.0240
2460794.5366 14.7010 0.0250
2460794.5380 14.7060 0.0260
2460794.5395 14.6320 0.0220
2460794.5410 14.5940 0.0220
2460794.5444 14.4810 0.0190
2460794.5458 14.3570 0.0180
2460794.5473 14.2050 0.0160
2460794.5488 14.1990 0.0180
2460794.5502 14.1670 0.0170
2460794.5517 14.1730 0.0170
2460794.5532 14.1900 0.0170
2460794.5546 14.1890 0.0180
2460794.5561 14.2110 0.0180
2460794.5576 14.2750 0.0200
2460794.5590 14.2940 0.0190
2460794.5605 14.3650 0.0180
2460794.5620 14.4670 0.0250
2460794.5634 14.3870 0.0240
2460794.5649 14.4880 0.0250
2460794.5664 14.5040 0.0280
2460794.5678 14.4730 0.0240
2460794.5693 14.4670 0.0250
2460794.5727 14.5080 0.0290
2460794.5742 14.6270 0.0280
2460794.5756 14.5840 0.0320
2460794.5771 14.6440 0.0250
2460794.5786 14.6490 0.0250
2460794.5800 14.6810 0.0260
2460794.5815 14.6440 0.0280
2460794.5830 14.6890 0.0280
2460794.5844 14.6160 0.0230
2460794.5859 14.7010 0.0290
2460794.5874 14.6950 0.0300
2460794.5888 14.7390 0.0310
2460794.5903 14.5990 0.0260
2460794.5917 14.6670 0.0280
2460794.5932 14.6400 0.0270
2460794.5947 14.6090 0.0240
2460794.5961 14.6860 0.0260
2460794.5976 14.6940 0.0270
2460794.5991 14.7100 0.0320
2460794.6005 14.6950 0.0270
2460794.6020 14.6720 0.0300
2460796.3855 13.8650 0.0110
2460796.3869 13.8500 0.0110
2460796.3884 13.8800 0.0100
2460796.3899 13.9190 0.0110
2460796.3928 13.9950 0.0110
2460796.3943 14.0370 0.0120
2460796.3958 14.0910 0.0120
2460796.3972 14.1470 0.0110
2460796.3987 14.1820 0.0120
2460796.4002 14.2330 0.0120
2460796.4035 14.2970 0.0110
2460796.4050 14.3270 0.0130
2460796.4065 14.3700 0.0130
2460796.4079 14.3900 0.0120
2460796.4094 14.4010 0.0140
2460796.4109 14.4240 0.0150
2460796.4123 14.4070 0.0130
2460796.4138 14.4430 0.0140
2460796.4153 14.4610 0.0150
2460796.4167 14.4350 0.0140
2460796.4182 14.4570 0.0130
2460796.4197 14.4480 0.0130
2460796.4211 14.4810 0.0130
2460796.4226 14.4790 0.0140
2460796.4241 14.5380 0.0130
2460796.4274 14.4970 0.0150
2460796.4289 14.5280 0.0150
2460796.4304 14.5190 0.0150
2460796.4318 14.5120 0.0140
2460796.4333 14.5270 0.0150
2460796.4348 14.4810 0.0140
2460796.4362 14.4430 0.0150
2460796.4384 14.4630 0.0140
2460796.4399 14.4020 0.0150
2460796.4413 14.3490 0.0110
2460796.4428 14.2850 0.0110
2460796.4443 14.1740 0.0100
2460796.4458 14.0220 0.0100
2460796.4472 13.9080 0.0090
2460796.4487 13.8680 0.0090
2460796.4502 13.8600 0.0080
2460796.4517 13.9020 0.0080
2460796.4550 13.9670 0.0100
2460796.4564 14.0030 0.0100
2460796.4579 14.0300 0.0090
2460796.4594 14.0770 0.0110
2460796.4609 14.1330 0.0110
2460796.4623 14.1800 0.0090
2460796.4638 14.1900 0.0110
2460796.4653 14.2520 0.0120
2460796.4667 14.2850 0.0120
2460796.4682 14.3090 0.0120
2460796.4697 14.3570 0.0130
2460796.4712 14.3790 0.0130
2460796.4726 14.4090 0.0130
2460796.4741 14.4000 0.0140
2460796.4755 14.4600 0.0130
2460796.4770 14.4340 0.0120
2460796.4785 14.4670 0.0130
2460796.4800 14.4720 0.0140
2460796.4814 14.4620 0.0120
2460796.4829 14.5010 0.0150
2460796.4862 14.4960 0.0140
2460796.4877 14.4660 0.0130
2460796.4892 14.5390 0.0140
2460796.4906 14.5320 0.0140
2460796.4921 14.5160 0.0140
2460796.4935 14.5040 0.0130
2460796.4950 14.4890 0.0130
2460796.4965 14.4840 0.0140
2460796.4980 14.5160 0.0140
2460796.4994 14.4820 0.0150
2460796.5009 14.4630 0.0130
2460796.5024 14.4430 0.0110
2460796.5038 14.3630 0.0110
2460796.5053 14.3370 0.0110
2460796.5068 14.2340 0.0110
2460796.5082 14.1440 0.0120
2460796.5116 13.9070 0.0090
2460796.5131 13.8860 0.0090
2460796.5145 13.8830 0.0080
2460796.5160 13.9180 0.0080
2460796.5175 13.9260 0.0090
2460796.5189 13.9390 0.0080
2460796.5204 14.0030 0.0080
2460796.5219 14.0590 0.0100
2460796.5233 14.1170 0.0100
2460796.5248 14.1490 0.0100
2460796.5263 14.1960 0.0110
2460796.5277 14.2240 0.0110
2460796.5292 14.2910 0.0120
2460796.5307 14.3090 0.0120
2460796.5321 14.3010 0.0120
2460796.5336 14.3750 0.0130
2460796.5351 14.3710 0.0120
2460796.5366 14.4110 0.0120
2460796.5380 14.4420 0.0130
2460796.5395 14.4380 0.0120
2460796.5428 14.4880 0.0130
2460796.5443 14.4930 0.0140
2460796.5458 14.4940 0.0130
2460796.5472 14.4980 0.0140
2460796.5487 14.5050 0.0130
2460796.5502 14.5250 0.0150
2460796.5517 14.5390 0.0140
2460796.5531 14.5090 0.0120
2460796.5546 14.5160 0.0130
2460796.5561 14.5390 0.0150
2460796.5575 14.5280 0.0140
2460796.5590 14.5120 0.0130
2460796.5605 14.4790 0.0120
2460796.5619 14.5170 0.0150
2460796.5634 14.4880 0.0130
2460796.5649 14.4610 0.0110
2460796.5663 14.5530 0.0150
2460796.5678 14.3840 0.0120
2460796.5693 14.3170 0.0120
2460796.5707 14.1830 0.0100
2460796.5722 14.0400 0.0090
2460796.5756 13.8620 0.0080
2460796.5770 13.8460 0.0080
2460796.5785 13.8650 0.0080
2460796.5800 13.9140 0.0080
2460796.5814 13.9640 0.0080
2460796.5829 13.9920 0.0090
2460796.5844 14.0230 0.0090
2460796.5858 14.0680 0.0100
2460796.5873 14.1340 0.0120
2460796.5888 14.1790 0.0100
2460796.5902 14.2370 0.0110
2460796.5917 14.2660 0.0120
2460796.5932 14.3160 0.0130
2460796.5946 14.3700 0.0130
2460796.5961 14.3820 0.0120
2460796.5976 14.3810 0.0120
2460796.5991 14.3940 0.0120
2460796.6024 14.4590 0.0170
