#BAV Report
2460793.3489 11.7180 0.0020
2460793.3504 11.7140 0.0020
2460793.3519 11.7120 0.0020
2460793.3533 11.7140 0.0020
2460793.3548 11.6820 0.0020
2460793.3563 11.6650 0.0020
2460793.3577 11.6410 0.0020
2460793.3592 11.6140 0.0020
2460793.3607 11.5830 0.0020
2460793.3621 11.6560 0.0020
2460793.3636 11.6840 0.0020
2460793.3651 11.6360 0.0020
2460793.3666 11.5860 0.0020
2460793.3680 11.5500 0.0020
2460793.3715 11.4980 0.0020
2460793.3730 11.5030 0.0020
2460793.3744 11.5100 0.0020
2460793.3766 11.5050 0.0020
2460793.3781 11.5420 0.0020
2460793.3795 11.5450 0.0020
2460793.3810 11.5920 0.0020
2460793.3825 11.5930 0.0020
2460793.3840 11.6380 0.0020
2460793.3854 11.6390 0.0020
2460793.3869 11.6400 0.0020
2460793.3884 11.6320 0.0020
2460793.3898 11.6730 0.0020
2460793.3913 11.6650 0.0020
2460793.3928 11.6800 0.0020
2460793.3943 11.7270 0.0020
2460793.3957 11.7300 0.0020
2460793.3972 11.7130 0.0020
2460793.3987 11.7340 0.0020
2460793.4022 11.7210 0.0020
2460793.4037 11.7780 0.0020
2460793.4051 11.7710 0.0020
2460793.4066 11.7470 0.0020
2460793.4081 11.7760 0.0020
2460793.4095 11.7870 0.0020
2460793.4110 11.8100 0.0020
2460793.4125 11.7730 0.0020
2460793.4140 11.8000 0.0020
2460793.4154 11.8150 0.0020
2460793.4169 11.8250 0.0020
2460793.4184 11.8260 0.0020
2460793.4199 11.8040 0.0020
2460793.4213 11.8270 0.0020
2460793.4249 11.8270 0.0020
2460793.4263 11.8300 0.0020
2460793.4278 11.8470 0.0020
2460793.4293 11.8580 0.0020
2460793.4307 11.8450 0.0020
2460793.4322 11.8500 0.0020
2460793.4337 11.8650 0.0020
2460793.4351 11.8650 0.0020
2460793.4366 11.8550 0.0020
2460793.4381 11.8480 0.0020
2460793.4395 11.8650 0.0020
2460793.4410 11.8540 0.0020
2460793.4444 11.8440 0.0020
2460793.4459 11.8470 0.0020
2460793.4474 11.8240 0.0020
2460793.4488 11.8040 0.0020
2460793.4503 11.7810 0.0020
2460793.4518 11.7600 0.0020
2460793.4532 11.7330 0.0020
2460793.4547 11.6970 0.0020
2460793.4562 11.6560 0.0020
2460793.4577 11.6320 0.0020
2460793.4591 11.5680 0.0020
2460793.4606 11.5690 0.0020
2460793.4640 11.4980 0.0020
2460793.4655 11.5130 0.0020
2460793.4669 11.5170 0.0020
2460793.4684 11.5110 0.0020
2460793.4699 11.5650 0.0020
2460793.4713 11.5890 0.0020
2460793.4728 11.5720 0.0020
2460793.4743 11.5700 0.0020
2460793.4758 11.5950 0.0020
2460793.4772 11.6160 0.0020
2460793.4787 11.6270 0.0020
2460793.4802 11.6340 0.0020
2460793.4816 11.6480 0.0020
2460793.4831 11.6570 0.0020
2460793.4845 11.6910 0.0020
2460793.4860 11.6740 0.0020
2460793.4875 11.7320 0.0020
2460793.4889 11.7210 0.0020
2460793.4924 11.7470 0.0020
2460793.4938 11.7320 0.0020
2460793.4953 11.7420 0.0020
2460793.4967 11.7390 0.0020
2460793.4982 11.7530 0.0020
2460793.4997 11.7720 0.0020
2460793.5011 11.7720 0.0020
2460793.5026 11.7750 0.0020
2460793.5041 11.7780 0.0020
2460793.5056 11.7930 0.0020
2460793.5070 11.8070 0.0020
2460793.5085 11.8010 0.0020
2460793.5099 11.8080 0.0020
2460793.5114 11.8120 0.0020
2460793.5129 11.8090 0.0020
2460793.5143 11.8000 0.0020
2460793.5158 11.8290 0.0020
2460793.5173 11.8280 0.0020
2460793.5187 11.8270 0.0020
2460793.5202 11.8460 0.0020
2460793.5237 11.8610 0.0020
2460793.5251 11.8420 0.0020
2460793.5266 11.9060 0.0020
2460793.5281 11.8610 0.0020
2460793.5295 11.8550 0.0020
2460793.5310 11.8730 0.0020
2460793.5324 11.8670 0.0020
2460793.5339 11.8590 0.0020
2460793.5354 11.8470 0.0020
2460793.5368 11.8440 0.0020
2460793.5383 11.8320 0.0020
2460793.5398 11.8000 0.0020
2460793.5412 11.8000 0.0020
2460793.5427 11.7680 0.0020
2460793.5442 11.7480 0.0020
2460793.5476 11.6480 0.0020
2460793.5491 11.6020 0.0020
2460793.5505 11.5460 0.0020
2460793.5520 11.5140 0.0020
2460793.5535 11.4790 0.0020
2460793.5549 11.4800 0.0020
2460793.5564 11.4750 0.0020
2460793.5579 11.4810 0.0020
2460793.5593 11.5020 0.0020
2460793.5608 11.5190 0.0020
